=== Remote hook active! All FireServer calls will be logged to parry_all_remote_output.txt in workspace ===

[Wed Nov 12 03:43:22 2025] Remote Fired: RE/WindowFocused
  ARG [1]: true (boolean)
----------------------------------------

[Wed Nov 12 03:43:23 2025] Remote Fired: Ping
  ARG [1]: 1785 (number)
  ARG [2]: 1762937003.715735 (number)
----------------------------------------

[Wed Nov 12 03:43:23 2025] Remote Fired: RE/WindowFocused
  ARG [1]: true (boolean)
----------------------------------------

[Wed Nov 12 03:43:23 2025] Remote Fired: FocusState
  ARG [1]: true (boolean)
----------------------------------------

[Wed Nov 12 03:43:24 2025] Remote Fired: Ping
  ARG [1]: 1786 (number)
  ARG [2]: 1762937004.677442 (number)
----------------------------------------

[Wed Nov 12 03:43:25 2025] Remote Fired: Ping
  ARG [1]: 1787 (number)
  ARG [2]: 1762937005.674991 (number)
----------------------------------------

[Wed Nov 12 03:43:25 2025] Remote Fired: SetPointer
  ARG [1]: -189.724915, 40.9024773, 4.93602228, 0.995592713, -0.0227841418, 0.0909728259, 0, 0.970039666, 0.242946416, -0.0937825814, -0.241875678, 0.965764403 (CFrame)
    Value: -189.724915, 40.9024773, 4.93602228, 0.995592713, -0.0227841418, 0.0909728259, 0, 0.970039666, 0.242946416, -0.0937825814, -0.241875678, 0.965764403
----------------------------------------

[Wed Nov 12 03:43:25 2025] Remote Fired: SetLook
  ARG [1]: -189.712158, 40.9365387, 5.07142639, 0.623540819, -0.202342331, 0.755151927, 0, 0.965925872, 0.258818984, -0.781790912, -0.161384195, 0.602294147 (CFrame)
    Value: -189.712158, 40.9365387, 5.07142639, 0.623540819, -0.202342331, 0.755151927, 0, 0.965925872, 0.258818984, -0.781790912, -0.161384195, 0.602294147
----------------------------------------

[Wed Nov 12 03:43:25 2025] Remote Fired: 



  ARG [1]: q0cuXE (string)
  ARG [2]: W4VlPi (string)
  ARG [3]: 0.05 (number)
  ARG [4]: -190.260468, 42.6047249, 4.99732018, 0.628440559, -0.228448823, 0.743554711, 0, 0.955900788, 0.293689728, -0.777857721, -0.184566543, 0.600726783 (CFrame)
    Value: -190.260468, 42.6047249, 4.99732018, 0.628440559, -0.228448823, 0.743554711, 0, 0.955900788, 0.293689728, -0.777857721, -0.184566543, 0.600726783
  ARG [5]: table: 0x5860731075bfa51b (table)
    Table Field: BOT f95efa7d-dfab-4d56-9536-52a7aceda93d = -384.343994140625, -134.46875, -123.56047058105469 [Vector3]
    Table Field: BOT 1beaa805-9f6c-49f5-a55d-c4363f64cfc1 = 1461.688720703125, 420.2776794433594, 60.59485626220703 [Vector3]
    Table Field: isyoboyazrael = 960.0001831054688, 472.32025146484375, 47.72052764892578 [Vector3]
    (table size: 3)
  ARG [6]: table: 0xa40fc667e934d5bb (table)
    Table Field: 1 = 1671 [number]
    Table Field: 2 = 512 [number]
    (table size: 2)
  ARG [7]: false (boolean)
----------------------------------------

[Wed Nov 12 03:43:25 2025] Remote Fired: SetPointer
  ARG [1]: -190.608887, 43.2204208, 4.95262051, 0.997448206, -0.0197632238, 0.0686035231, 0, 0.960921526, 0.276821166, -0.0713934675, -0.276114762, 0.95846951 (CFrame)
    Value: -190.608887, 43.2204208, 4.95262051, 0.997448206, -0.0197632238, 0.0686035231, 0, 0.960921526, 0.276821166, -0.0713934675, -0.276114762, 0.95846951
----------------------------------------

[Wed Nov 12 03:43:25 2025] Remote Fired: SetLook
  ARG [1]: -190.599274, 43.2592316, 5.0870018, 0.633315563, -0.237997442, 0.736388922, 0, 0.951537609, 0.307532489, -0.773893654, -0.194765106, 0.602623582 (CFrame)
    Value: -190.599274, 43.2592316, 5.0870018, 0.633315563, -0.237997442, 0.736388922, 0, 0.951537609, 0.307532489, -0.773893654, -0.194765106, 0.602623582
----------------------------------------

[Wed Nov 12 03:43:25 2025] Remote Fired: SetPointer
  ARG [1]: -191.337219, 45.2678833, 4.71531963, 0.998492122, -0.0168448146, 0.0522461049, 0, 0.951755285, 0.306858122, -0.0548944697, -0.306395411, 0.950320244 (CFrame)
    Value: -191.337219, 45.2678833, 4.71531963, 0.998492122, -0.0168448146, 0.0522461049, 0, 0.951755285, 0.306858122, -0.0548944697, -0.306395411, 0.950320244
----------------------------------------

[Wed Nov 12 03:43:25 2025] Remote Fired: SetLook
  ARG [1]: -191.329895, 45.3109055, 4.84855843, 0.638165772, -0.270177871, 0.720935822, 0, 0.936403215, 0.35092631, -0.76989913, -0.223949164, 0.597580373 (CFrame)
    Value: -191.329895, 45.3109055, 4.84855843, 0.638165772, -0.270177871, 0.720935822, 0, 0.936403215, 0.35092631, -0.76989913, -0.223949164, 0.597580373
----------------------------------------

[Wed Nov 12 03:43:25 2025] Remote Fired: SetPointer
  ARG [1]: -191.688278, 46.4375496, 4.42438173, 0.998827875, -0.0156800244, 0.0457916036, 0, 0.946072221, 0.323955387, -0.0484017991, -0.323575675, 0.944963455 (CFrame)
    Value: -191.688278, 46.4375496, 4.42438173, 0.998827875, -0.0156800244, 0.0457916036, 0, 0.946072221, 0.323955387, -0.0484017991, -0.323575675, 0.944963455
----------------------------------------

[Wed Nov 12 03:43:25 2025] Remote Fired: SetLook
  ARG [1]: -191.681854, 46.4829712, 4.55686951, 0.638166428, -0.289263338, 0.713491678, 0, 0.926734805, 0.37571618, -0.769898534, -0.239769459, 0.591410995 (CFrame)
    Value: -191.681854, 46.4829712, 4.55686951, 0.638166428, -0.289263338, 0.713491678, 0, 0.926734805, 0.37571618, -0.769898534, -0.239769459, 0.591410995
----------------------------------------

[Wed Nov 12 03:43:25 2025] Remote Fired: kebaind
----------------------------------------

[Wed Nov 12 03:43:25 2025] Remote Fired: SetPointer
  ARG [1]: -220.351761, 53.8435783, 16.2065601, 0.724651039, 0.297042191, -0.621809304, -0, 0.902328908, 0.431048214, 0.689115942, -0.312359542, 0.653873622 (CFrame)
    Value: -220.351761, 53.8435783, 16.2065601, 0.724651039, 0.297042191, -0.621809304, -0, 0.902328908, 0.431048214, 0.689115942, -0.312359542, 0.653873622
----------------------------------------

[Wed Nov 12 03:43:25 2025] Remote Fired: SetLook
  ARG [1]: -220.438934, 53.9040146, 16.2982368, 0.992235124, -0.0662524253, 0.105262399, 0, 0.846319497, 0.532675624, -0.124376677, -0.528539479, 0.839747846 (CFrame)
    Value: -220.438934, 53.9040146, 16.2982368, 0.992235124, -0.0662524253, 0.105262399, 0, 0.846319497, 0.532675624, -0.124376677, -0.528539479, 0.839747846
----------------------------------------

[Wed Nov 12 03:43:26 2025] Remote Fired: Ping
  ARG [1]: 1788 (number)
  ARG [2]: 1762937006.69182 (number)
----------------------------------------

[Wed Nov 12 03:43:26 2025] Remote Fired: SetPointer
  ARG [1]: -236.300217, 55.558033, 13.8395882, 0.372965842, 0.422650754, -0.825992107, -0, 0.890226305, 0.455518663, 0.927845061, -0.169892907, 0.332024008 (CFrame)
    Value: -236.300217, 55.558033, 13.8395882, 0.372965842, 0.422650754, -0.825992107, -0, 0.890226305, 0.455518663, 0.927845061, -0.169892907, 0.332024008
----------------------------------------

[Wed Nov 12 03:43:26 2025] Remote Fired: SetLook
  ARG [1]: -236.416031, 55.6218987, 13.8861389, 0.95914042, 0.160990432, -0.232662648, -1.4901163e-08, 0.822330773, 0.5690099, 0.282930791, -0.545760393, 0.788730562 (CFrame)
    Value: -236.416031, 55.6218987, 13.8861389, 0.95914042, 0.160990432, -0.232662648, -1.4901163e-08, 0.822330773, 0.5690099, 0.282930791, -0.545760393, 0.788730562
----------------------------------------

[Wed Nov 12 03:43:26 2025] Remote Fired: SetPointer
  ARG [1]: -236.300217, 55.558033, 13.8395882, 0.372965842, 0.422650754, -0.825992107, -0, 0.890226305, 0.455518663, 0.927845061, -0.169892907, 0.332024008 (CFrame)
    Value: -236.300217, 55.558033, 13.8395882, 0.372965842, 0.422650754, -0.825992107, -0, 0.890226305, 0.455518663, 0.927845061, -0.169892907, 0.332024008
----------------------------------------

[Wed Nov 12 03:43:26 2025] Remote Fired: SetLook
  ARG [1]: -236.416031, 55.6218987, 13.8861389, 0.95914042, 0.160990432, -0.232662648, -1.4901163e-08, 0.822330773, 0.5690099, 0.282930791, -0.545760393, 0.788730562 (CFrame)
    Value: -236.416031, 55.6218987, 13.8861389, 0.95914042, 0.160990432, -0.232662648, -1.4901163e-08, 0.822330773, 0.5690099, 0.282930791, -0.545760393, 0.788730562
----------------------------------------

[Wed Nov 12 03:43:26 2025] Remote Fired: SetPointer
  ARG [1]: -236.300217, 55.558033, 13.8395882, 0.372965842, 0.422650754, -0.825992107, -0, 0.890226305, 0.455518663, 0.927845061, -0.169892907, 0.332024008 (CFrame)
    Value: -236.300217, 55.558033, 13.8395882, 0.372965842, 0.422650754, -0.825992107, -0, 0.890226305, 0.455518663, 0.927845061, -0.169892907, 0.332024008
----------------------------------------

[Wed Nov 12 03:43:26 2025] Remote Fired: SetLook
  ARG [1]: -236.416031, 55.6218987, 13.8861389, 0.95914042, 0.160990432, -0.232662648, -1.4901163e-08, 0.822330773, 0.5690099, 0.282930791, -0.545760393, 0.788730562 (CFrame)
    Value: -236.416031, 55.6218987, 13.8861389, 0.95914042, 0.160990432, -0.232662648, -1.4901163e-08, 0.822330773, 0.5690099, 0.282930791, -0.545760393, 0.788730562
----------------------------------------

[Wed Nov 12 03:43:26 2025] Remote Fired: 









  ARG [1]: q0cuXE (string)
  ARG [2]: W4VlPi (string)
  ARG [3]: 0.05 (number)
  ARG [4]: -236.416031, 55.6218987, 13.8861389, 0.95914042, 0.160990432, -0.232662648, -1.4901163e-08, 0.822330773, 0.5690099, 0.282930791, -0.545760393, 0.788730562 (CFrame)
    Value: -236.416031, 55.6218987, 13.8861389, 0.95914042, 0.160990432, -0.232662648, -1.4901163e-08, 0.822330773, 0.5690099, 0.282930791, -0.545760393, 0.788730562
  ARG [5]: table: 0x1e33a86b5425ddbb (table)
    Table Field: BOT f95efa7d-dfab-4d56-9536-52a7aceda93d = 1995.894775390625, 289.26910400390625, 186.0765380859375 [Vector3]
    Table Field: BOT 1beaa805-9f6c-49f5-a55d-c4363f64cfc1 = 990.853759765625, 245.98419189453125, 84.17481994628906 [Vector3]
    Table Field: isyoboyazrael = 959.9996948242188, 469.1103515625, 48.133514404296875 [Vector3]
    (table size: 3)
  ARG [6]: table: 0x2fa6a2aae51142db (table)
    Table Field: 1 = 1671 [number]
    Table Field: 2 = 512 [number]
    (table size: 2)
  ARG [7]: false (boolean)
----------------------------------------

[Wed Nov 12 03:43:26 2025] Remote Fired: SetPointer
  ARG [1]: -236.300217, 55.558033, 13.8395882, 0.372965842, 0.422650754, -0.825992107, -0, 0.890226305, 0.455518663, 0.927845061, -0.169892907, 0.332024008 (CFrame)
    Value: -236.300217, 55.558033, 13.8395882, 0.372965842, 0.422650754, -0.825992107, -0, 0.890226305, 0.455518663, 0.927845061, -0.169892907, 0.332024008
----------------------------------------

[Wed Nov 12 03:43:26 2025] Remote Fired: SetLook
  ARG [1]: -236.416031, 55.6218987, 13.8861389, 0.95914042, 0.160990432, -0.232662648, -1.4901163e-08, 0.822330773, 0.5690099, 0.282930791, -0.545760393, 0.788730562 (CFrame)
    Value: -236.416031, 55.6218987, 13.8861389, 0.95914042, 0.160990432, -0.232662648, -1.4901163e-08, 0.822330773, 0.5690099, 0.282930791, -0.545760393, 0.788730562
----------------------------------------

[Wed Nov 12 03:43:26 2025] Remote Fired: SetPointer
  ARG [1]: -236.300217, 55.558033, 13.8395882, 0.372965842, 0.422650754, -0.825992107, -0, 0.890226305, 0.455518663, 0.927845061, -0.169892907, 0.332024008 (CFrame)
    Value: -236.300217, 55.558033, 13.8395882, 0.372965842, 0.422650754, -0.825992107, -0, 0.890226305, 0.455518663, 0.927845061, -0.169892907, 0.332024008
----------------------------------------

[Wed Nov 12 03:43:26 2025] Remote Fired: SetLook
  ARG [1]: -236.416031, 55.6218987, 13.8861389, 0.95914042, 0.160990432, -0.232662648, -1.4901163e-08, 0.822330773, 0.5690099, 0.282930791, -0.545760393, 0.788730562 (CFrame)
    Value: -236.416031, 55.6218987, 13.8861389, 0.95914042, 0.160990432, -0.232662648, -1.4901163e-08, 0.822330773, 0.5690099, 0.282930791, -0.545760393, 0.788730562
----------------------------------------

[Wed Nov 12 03:43:27 2025] Remote Fired: Ping
  ARG [1]: 1789 (number)
  ARG [2]: 1762937007.675784 (number)
----------------------------------------

[Wed Nov 12 03:43:27 2025] Remote Fired: SetPointer
  ARG [1]: -236.300217, 55.558033, 13.8395882, 0.372965842, 0.422650754, -0.825992107, -0, 0.890226305, 0.455518663, 0.927845061, -0.169892907, 0.332024008 (CFrame)
    Value: -236.300217, 55.558033, 13.8395882, 0.372965842, 0.422650754, -0.825992107, -0, 0.890226305, 0.455518663, 0.927845061, -0.169892907, 0.332024008
----------------------------------------

[Wed Nov 12 03:43:27 2025] Remote Fired: SetLook
  ARG [1]: -236.416031, 55.6218987, 13.8861389, 0.95914042, 0.160990432, -0.232662648, -1.4901163e-08, 0.822330773, 0.5690099, 0.282930791, -0.545760393, 0.788730562 (CFrame)
    Value: -236.416031, 55.6218987, 13.8861389, 0.95914042, 0.160990432, -0.232662648, -1.4901163e-08, 0.822330773, 0.5690099, 0.282930791, -0.545760393, 0.788730562
----------------------------------------

[Wed Nov 12 03:43:27 2025] Remote Fired: SetPointer
  ARG [1]: -236.300217, 55.558033, 13.8395882, 0.372965842, 0.422650754, -0.825992107, -0, 0.890226305, 0.455518663, 0.927845061, -0.169892907, 0.332024008 (CFrame)
    Value: -236.300217, 55.558033, 13.8395882, 0.372965842, 0.422650754, -0.825992107, -0, 0.890226305, 0.455518663, 0.927845061, -0.169892907, 0.332024008
----------------------------------------

[Wed Nov 12 03:43:27 2025] Remote Fired: SetLook
  ARG [1]: -236.416031, 55.6218987, 13.8861389, 0.95914042, 0.160990432, -0.232662648, -1.4901163e-08, 0.822330773, 0.5690099, 0.282930791, -0.545760393, 0.788730562 (CFrame)
    Value: -236.416031, 55.6218987, 13.8861389, 0.95914042, 0.160990432, -0.232662648, -1.4901163e-08, 0.822330773, 0.5690099, 0.282930791, -0.545760393, 0.788730562
----------------------------------------

[Wed Nov 12 03:43:27 2025] Remote Fired: SetPointer
  ARG [1]: -236.300217, 55.558033, 13.8395882, 0.372965842, 0.422650754, -0.825992107, -0, 0.890226305, 0.455518663, 0.927845061, -0.169892907, 0.332024008 (CFrame)
    Value: -236.300217, 55.558033, 13.8395882, 0.372965842, 0.422650754, -0.825992107, -0, 0.890226305, 0.455518663, 0.927845061, -0.169892907, 0.332024008
----------------------------------------

[Wed Nov 12 03:43:27 2025] Remote Fired: SetLook
  ARG [1]: -236.416031, 55.6218987, 13.8861389, 0.95914042, 0.160990432, -0.232662648, -1.4901163e-08, 0.822330773, 0.5690099, 0.282930791, -0.545760393, 0.788730562 (CFrame)
    Value: -236.416031, 55.6218987, 13.8861389, 0.95914042, 0.160990432, -0.232662648, -1.4901163e-08, 0.822330773, 0.5690099, 0.282930791, -0.545760393, 0.788730562
----------------------------------------

[Wed Nov 12 03:43:27 2025] Remote Fired: 



  ARG [1]: q0cuXE (string)
  ARG [2]: W4VlPi (string)
  ARG [3]: 0.05 (number)
  ARG [4]: -236.416031, 55.6218987, 13.8861389, 0.95914042, 0.160990432, -0.232662648, -1.4901163e-08, 0.822330773, 0.5690099, 0.282930791, -0.545760393, 0.788730562 (CFrame)
    Value: -236.416031, 55.6218987, 13.8861389, 0.95914042, 0.160990432, -0.232662648, -1.4901163e-08, 0.822330773, 0.5690099, 0.282930791, -0.545760393, 0.788730562
  ARG [5]: table: 0x3a2969a2b40b2c7b (table)
    Table Field: BOT f95efa7d-dfab-4d56-9536-52a7aceda93d = 1995.9664306640625, 289.1842041015625, 186.0672149658203 [Vector3]
    Table Field: BOT 1beaa805-9f6c-49f5-a55d-c4363f64cfc1 = 990.853759765625, 245.98419189453125, 84.17481994628906 [Vector3]
    Table Field: isyoboyazrael = 959.9996948242188, 469.1103515625, 48.133514404296875 [Vector3]
    (table size: 3)
  ARG [6]: table: 0x2281e269bd6eee9b (table)
    Table Field: 1 = 1671 [number]
    Table Field: 2 = 512 [number]
    (table size: 2)
  ARG [7]: false (boolean)
----------------------------------------

[Wed Nov 12 03:43:27 2025] Remote Fired: SetPointer
  ARG [1]: -236.300217, 55.558033, 13.8395882, 0.372965842, 0.422650754, -0.825992107, -0, 0.890226305, 0.455518663, 0.927845061, -0.169892907, 0.332024008 (CFrame)
    Value: -236.300217, 55.558033, 13.8395882, 0.372965842, 0.422650754, -0.825992107, -0, 0.890226305, 0.455518663, 0.927845061, -0.169892907, 0.332024008
----------------------------------------

[Wed Nov 12 03:43:27 2025] Remote Fired: SetLook
  ARG [1]: -236.416031, 55.6218987, 13.8861389, 0.95914042, 0.160990432, -0.232662648, -1.4901163e-08, 0.822330773, 0.5690099, 0.282930791, -0.545760393, 0.788730562 (CFrame)
    Value: -236.416031, 55.6218987, 13.8861389, 0.95914042, 0.160990432, -0.232662648, -1.4901163e-08, 0.822330773, 0.5690099, 0.282930791, -0.545760393, 0.788730562
----------------------------------------

[Wed Nov 12 03:43:27 2025] Remote Fired: SetPointer
  ARG [1]: -236.300217, 55.558033, 13.8395882, 0.372965842, 0.422650754, -0.825992107, -0, 0.890226305, 0.455518663, 0.927845061, -0.169892907, 0.332024008 (CFrame)
    Value: -236.300217, 55.558033, 13.8395882, 0.372965842, 0.422650754, -0.825992107, -0, 0.890226305, 0.455518663, 0.927845061, -0.169892907, 0.332024008
----------------------------------------

[Wed Nov 12 03:43:27 2025] Remote Fired: SetLook
  ARG [1]: -236.416031, 55.6218987, 13.8861389, 0.95914042, 0.160990432, -0.232662648, -1.4901163e-08, 0.822330773, 0.5690099, 0.282930791, -0.545760393, 0.788730562 (CFrame)
    Value: -236.416031, 55.6218987, 13.8861389, 0.95914042, 0.160990432, -0.232662648, -1.4901163e-08, 0.822330773, 0.5690099, 0.282930791, -0.545760393, 0.788730562
----------------------------------------

[Wed Nov 12 03:43:28 2025] Remote Fired: Ping
  ARG [1]: 1790 (number)
  ARG [2]: 1762937008.676858 (number)
----------------------------------------

[Wed Nov 12 03:43:28 2025] Remote Fired: SetPointer
  ARG [1]: -233.687714, 57.1305847, 13.3417196, 0.414953858, 0.434748441, -0.799254119, -0, 0.878453374, 0.477828234, 0.909842491, -0.198276669, 0.364517599 (CFrame)
    Value: -233.687714, 57.1305847, 13.3417196, 0.414953858, 0.434748441, -0.799254119, -0, 0.878453374, 0.477828234, 0.909842491, -0.198276669, 0.364517599
----------------------------------------

[Wed Nov 12 03:43:28 2025] Remote Fired: SetLook
  ARG [1]: -233.799774, 57.1975784, 13.3928261, 0.975013137, 0.133807346, -0.177327275, 0, 0.798242271, 0.602336466, 0.222147182, -0.587285995, 0.778296709 (CFrame)
    Value: -233.799774, 57.1975784, 13.3928261, 0.975013137, 0.133807346, -0.177327275, 0, 0.798242271, 0.602336466, 0.222147182, -0.587285995, 0.778296709
----------------------------------------

[Wed Nov 12 03:43:28 2025] Remote Fired: SetPointer
  ARG [1]: -233.687714, 57.1305847, 13.3417196, 0.414953858, 0.434748441, -0.799254119, -0, 0.878453374, 0.477828234, 0.909842491, -0.198276669, 0.364517599 (CFrame)
    Value: -233.687714, 57.1305847, 13.3417196, 0.414953858, 0.434748441, -0.799254119, -0, 0.878453374, 0.477828234, 0.909842491, -0.198276669, 0.364517599
----------------------------------------

[Wed Nov 12 03:43:28 2025] Remote Fired: SetLook
  ARG [1]: -233.799774, 57.1975784, 13.3928261, 0.975013137, 0.133807346, -0.177327275, 0, 0.798242271, 0.602336466, 0.222147182, -0.587285995, 0.778296709 (CFrame)
    Value: -233.799774, 57.1975784, 13.3928261, 0.975013137, 0.133807346, -0.177327275, 0, 0.798242271, 0.602336466, 0.222147182, -0.587285995, 0.778296709
----------------------------------------

[Wed Nov 12 03:43:28 2025] Remote Fired: 

  ARG [1]: q0cuXE (string)
  ARG [2]: W4VlPi (string)
  ARG [3]: 0.05 (number)
  ARG [4]: -233.799774, 57.1975784, 13.3928261, 0.975013137, 0.133807346, -0.177327275, 0, 0.798242271, 0.602336466, 0.222147182, -0.587285995, 0.778296709 (CFrame)
    Value: -233.799774, 57.1975784, 13.3928261, 0.975013137, 0.133807346, -0.177327275, 0, 0.798242271, 0.602336466, 0.222147182, -0.587285995, 0.778296709
  ARG [5]: table: 0x45a34f3dd4fdfb9b (table)
    Table Field: BOT f95efa7d-dfab-4d56-9536-52a7aceda93d = 2123.49462890625, 294.0576477050781, 170.74530029296875 [Vector3]
    Table Field: BOT 1beaa805-9f6c-49f5-a55d-c4363f64cfc1 = 1015.3609619140625, 231.42337036132812, 82.92076110839844 [Vector3]
    Table Field: isyoboyazrael = 960.0006103515625, 468.54638671875, 48.183494567871094 [Vector3]
    (table size: 3)
  ARG [6]: table: 0xb157b0402a715a3b (table)
    Table Field: 1 = 1671 [number]
    Table Field: 2 = 512 [number]
    (table size: 2)
  ARG [7]: false (boolean)
----------------------------------------

[Wed Nov 12 03:43:28 2025] Remote Fired: SetPointer
  ARG [1]: -233.687714, 57.1305847, 13.3417196, 0.414953858, 0.434748441, -0.799254119, -0, 0.878453374, 0.477828234, 0.909842491, -0.198276669, 0.364517599 (CFrame)
    Value: -233.687714, 57.1305847, 13.3417196, 0.414953858, 0.434748441, -0.799254119, -0, 0.878453374, 0.477828234, 0.909842491, -0.198276669, 0.364517599
----------------------------------------

[Wed Nov 12 03:43:28 2025] Remote Fired: SetLook
  ARG [1]: -233.799774, 57.1975784, 13.3928261, 0.975013137, 0.133807346, -0.177327275, 0, 0.798242271, 0.602336466, 0.222147182, -0.587285995, 0.778296709 (CFrame)
    Value: -233.799774, 57.1975784, 13.3928261, 0.975013137, 0.133807346, -0.177327275, 0, 0.798242271, 0.602336466, 0.222147182, -0.587285995, 0.778296709
----------------------------------------

[Wed Nov 12 03:43:28 2025] Remote Fired: SetPointer
  ARG [1]: -233.687714, 57.1305847, 13.3417196, 0.414953858, 0.434748441, -0.799254119, -0, 0.878453374, 0.477828234, 0.909842491, -0.198276669, 0.364517599 (CFrame)
    Value: -233.687714, 57.1305847, 13.3417196, 0.414953858, 0.434748441, -0.799254119, -0, 0.878453374, 0.477828234, 0.909842491, -0.198276669, 0.364517599
----------------------------------------

[Wed Nov 12 03:43:28 2025] Remote Fired: SetLook
  ARG [1]: -233.799774, 57.1975784, 13.3928261, 0.975013137, 0.133807346, -0.177327275, 0, 0.798242271, 0.602336466, 0.222147182, -0.587285995, 0.778296709 (CFrame)
    Value: -233.799774, 57.1975784, 13.3928261, 0.975013137, 0.133807346, -0.177327275, 0, 0.798242271, 0.602336466, 0.222147182, -0.587285995, 0.778296709
----------------------------------------

[Wed Nov 12 03:43:28 2025] Remote Fired: SetPointer
  ARG [1]: -233.687714, 57.1305847, 13.3417196, 0.414953858, 0.434748441, -0.799254119, -0, 0.878453374, 0.477828234, 0.909842491, -0.198276669, 0.364517599 (CFrame)
    Value: -233.687714, 57.1305847, 13.3417196, 0.414953858, 0.434748441, -0.799254119, -0, 0.878453374, 0.477828234, 0.909842491, -0.198276669, 0.364517599
----------------------------------------

[Wed Nov 12 03:43:28 2025] Remote Fired: SetLook
  ARG [1]: -233.799774, 57.1975784, 13.3928261, 0.975013137, 0.133807346, -0.177327275, 0, 0.798242271, 0.602336466, 0.222147182, -0.587285995, 0.778296709 (CFrame)
    Value: -233.799774, 57.1975784, 13.3928261, 0.975013137, 0.133807346, -0.177327275, 0, 0.798242271, 0.602336466, 0.222147182, -0.587285995, 0.778296709
----------------------------------------

[Wed Nov 12 03:43:29 2025] Remote Fired: Ping
  ARG [1]: 1791 (number)
  ARG [2]: 1762937009.683263 (number)
----------------------------------------

[Wed Nov 12 03:43:29 2025] Remote Fired: 








  ARG [1]: q0cuXE (string)
  ARG [2]: W4VlPi (string)
  ARG [3]: 0.05 (number)
  ARG [4]: -233.799774, 57.1975784, 13.3928261, 0.975013137, 0.133807346, -0.177327275, 0, 0.798242271, 0.602336466, 0.222147182, -0.587285995, 0.778296709 (CFrame)
    Value: -233.799774, 57.1975784, 13.3928261, 0.975013137, 0.133807346, -0.177327275, 0, 0.798242271, 0.602336466, 0.222147182, -0.587285995, 0.778296709
  ARG [5]: table: 0x17d78c5b91219f7b (table)
    Table Field: BOT f95efa7d-dfab-4d56-9536-52a7aceda93d = 2123.59033203125, 293.99017333984375, 170.73388671875 [Vector3]
    Table Field: BOT 1beaa805-9f6c-49f5-a55d-c4363f64cfc1 = 1015.3609619140625, 231.42337036132812, 82.92076110839844 [Vector3]
    Table Field: isyoboyazrael = 960.0006103515625, 468.54638671875, 48.183494567871094 [Vector3]
    (table size: 3)
  ARG [6]: table: 0xf7c259719e3a3f9b (table)
    Table Field: 1 = 1671 [number]
    Table Field: 2 = 512 [number]
    (table size: 2)
  ARG [7]: false (boolean)
----------------------------------------

[Wed Nov 12 03:43:29 2025] Remote Fired: SetPointer
  ARG [1]: -233.687714, 57.1305847, 13.3417196, 0.414953858, 0.434748441, -0.799254119, -0, 0.878453374, 0.477828234, 0.909842491, -0.198276669, 0.364517599 (CFrame)
    Value: -233.687714, 57.1305847, 13.3417196, 0.414953858, 0.434748441, -0.799254119, -0, 0.878453374, 0.477828234, 0.909842491, -0.198276669, 0.364517599
----------------------------------------

[Wed Nov 12 03:43:29 2025] Remote Fired: SetLook
  ARG [1]: -233.799774, 57.1975784, 13.3928261, 0.975013137, 0.133807346, -0.177327275, 0, 0.798242271, 0.602336466, 0.222147182, -0.587285995, 0.778296709 (CFrame)
    Value: -233.799774, 57.1975784, 13.3928261, 0.975013137, 0.133807346, -0.177327275, 0, 0.798242271, 0.602336466, 0.222147182, -0.587285995, 0.778296709
----------------------------------------

[Wed Nov 12 03:43:29 2025] Remote Fired: SetPointer
  ARG [1]: -233.687714, 57.1305847, 13.3417196, 0.414953858, 0.434748441, -0.799254119, -0, 0.878453374, 0.477828234, 0.909842491, -0.198276669, 0.364517599 (CFrame)
    Value: -233.687714, 57.1305847, 13.3417196, 0.414953858, 0.434748441, -0.799254119, -0, 0.878453374, 0.477828234, 0.909842491, -0.198276669, 0.364517599
----------------------------------------

[Wed Nov 12 03:43:29 2025] Remote Fired: SetLook
  ARG [1]: -233.799774, 57.1975784, 13.3928261, 0.975013137, 0.133807346, -0.177327275, 0, 0.798242271, 0.602336466, 0.222147182, -0.587285995, 0.778296709 (CFrame)
    Value: -233.799774, 57.1975784, 13.3928261, 0.975013137, 0.133807346, -0.177327275, 0, 0.798242271, 0.602336466, 0.222147182, -0.587285995, 0.778296709
----------------------------------------

[Wed Nov 12 03:43:29 2025] Remote Fired: SetPointer
  ARG [1]: -233.687714, 57.1305847, 13.3417196, 0.414953858, 0.434748441, -0.799254119, -0, 0.878453374, 0.477828234, 0.909842491, -0.198276669, 0.364517599 (CFrame)
    Value: -233.687714, 57.1305847, 13.3417196, 0.414953858, 0.434748441, -0.799254119, -0, 0.878453374, 0.477828234, 0.909842491, -0.198276669, 0.364517599
----------------------------------------

[Wed Nov 12 03:43:29 2025] Remote Fired: SetLook
  ARG [1]: -233.799774, 57.1975784, 13.3928261, 0.975013137, 0.133807346, -0.177327275, 0, 0.798242271, 0.602336466, 0.222147182, -0.587285995, 0.778296709 (CFrame)
    Value: -233.799774, 57.1975784, 13.3928261, 0.975013137, 0.133807346, -0.177327275, 0, 0.798242271, 0.602336466, 0.222147182, -0.587285995, 0.778296709
----------------------------------------

[Wed Nov 12 03:43:29 2025] Remote Fired: SetPointer
  ARG [1]: -233.687714, 57.1305847, 13.3417196, 0.414953858, 0.434748441, -0.799254119, -0, 0.878453374, 0.477828234, 0.909842491, -0.198276669, 0.364517599 (CFrame)
    Value: -233.687714, 57.1305847, 13.3417196, 0.414953858, 0.434748441, -0.799254119, -0, 0.878453374, 0.477828234, 0.909842491, -0.198276669, 0.364517599
----------------------------------------

[Wed Nov 12 03:43:29 2025] Remote Fired: SetLook
  ARG [1]: -233.799774, 57.1975784, 13.3928261, 0.975013137, 0.133807346, -0.177327275, 0, 0.798242271, 0.602336466, 0.222147182, -0.587285995, 0.778296709 (CFrame)
    Value: -233.799774, 57.1975784, 13.3928261, 0.975013137, 0.133807346, -0.177327275, 0, 0.798242271, 0.602336466, 0.222147182, -0.587285995, 0.778296709
----------------------------------------

[Wed Nov 12 03:43:29 2025] Remote Fired: 



  ARG [1]: q0cuXE (string)
  ARG [2]: W4VlPi (string)
  ARG [3]: 0.05 (number)
  ARG [4]: -233.799774, 57.1975784, 13.3928261, 0.975013137, 0.133807346, -0.177327275, 0, 0.798242271, 0.602336466, 0.222147182, -0.587285995, 0.778296709 (CFrame)
    Value: -233.799774, 57.1975784, 13.3928261, 0.975013137, 0.133807346, -0.177327275, 0, 0.798242271, 0.602336466, 0.222147182, -0.587285995, 0.778296709
  ARG [5]: table: 0x0a10431874d43fbb (table)
    Table Field: BOT f95efa7d-dfab-4d56-9536-52a7aceda93d = 2123.63720703125, 293.9638671875, 170.73175048828125 [Vector3]
    Table Field: BOT 1beaa805-9f6c-49f5-a55d-c4363f64cfc1 = 1015.3609619140625, 231.42337036132812, 82.92076110839844 [Vector3]
    Table Field: isyoboyazrael = 960.0006103515625, 468.54638671875, 48.183494567871094 [Vector3]
    (table size: 3)
  ARG [6]: table: 0x1e4753ff683204db (table)
    Table Field: 1 = 1671 [number]
    Table Field: 2 = 512 [number]
    (table size: 2)
  ARG [7]: false (boolean)
----------------------------------------

[Wed Nov 12 03:43:30 2025] Remote Fired: Ping
  ARG [1]: 1792 (number)
  ARG [2]: 1762937010.676498 (number)
----------------------------------------

[Wed Nov 12 03:43:30 2025] Remote Fired: SetPointer
  ARG [1]: -233.687714, 57.1305847, 13.3417196, 0.414953858, 0.434748441, -0.799254119, -0, 0.878453374, 0.477828234, 0.909842491, -0.198276669, 0.364517599 (CFrame)
    Value: -233.687714, 57.1305847, 13.3417196, 0.414953858, 0.434748441, -0.799254119, -0, 0.878453374, 0.477828234, 0.909842491, -0.198276669, 0.364517599
----------------------------------------

[Wed Nov 12 03:43:30 2025] Remote Fired: SetLook
  ARG [1]: -233.799774, 57.1975784, 13.3928261, 0.975013137, 0.133807346, -0.177327275, 0, 0.798242271, 0.602336466, 0.222147182, -0.587285995, 0.778296709 (CFrame)
    Value: -233.799774, 57.1975784, 13.3928261, 0.975013137, 0.133807346, -0.177327275, 0, 0.798242271, 0.602336466, 0.222147182, -0.587285995, 0.778296709
----------------------------------------

[Wed Nov 12 03:43:30 2025] Remote Fired: SetPointer
  ARG [1]: -233.687714, 57.1305847, 13.3417196, 0.414953858, 0.434748441, -0.799254119, -0, 0.878453374, 0.477828234, 0.909842491, -0.198276669, 0.364517599 (CFrame)
    Value: -233.687714, 57.1305847, 13.3417196, 0.414953858, 0.434748441, -0.799254119, -0, 0.878453374, 0.477828234, 0.909842491, -0.198276669, 0.364517599
----------------------------------------

[Wed Nov 12 03:43:30 2025] Remote Fired: SetLook
  ARG [1]: -233.799774, 57.1975784, 13.3928261, 0.975013137, 0.133807346, -0.177327275, 0, 0.798242271, 0.602336466, 0.222147182, -0.587285995, 0.778296709 (CFrame)
    Value: -233.799774, 57.1975784, 13.3928261, 0.975013137, 0.133807346, -0.177327275, 0, 0.798242271, 0.602336466, 0.222147182, -0.587285995, 0.778296709
----------------------------------------

[Wed Nov 12 03:43:30 2025] Remote Fired: SetPointer
  ARG [1]: -233.687714, 57.1305847, 13.3417196, 0.414953858, 0.434748441, -0.799254119, -0, 0.878453374, 0.477828234, 0.909842491, -0.198276669, 0.364517599 (CFrame)
    Value: -233.687714, 57.1305847, 13.3417196, 0.414953858, 0.434748441, -0.799254119, -0, 0.878453374, 0.477828234, 0.909842491, -0.198276669, 0.364517599
----------------------------------------

[Wed Nov 12 03:43:30 2025] Remote Fired: SetLook
  ARG [1]: -233.799774, 57.1975784, 13.3928261, 0.975013137, 0.133807346, -0.177327275, 0, 0.798242271, 0.602336466, 0.222147182, -0.587285995, 0.778296709 (CFrame)
    Value: -233.799774, 57.1975784, 13.3928261, 0.975013137, 0.133807346, -0.177327275, 0, 0.798242271, 0.602336466, 0.222147182, -0.587285995, 0.778296709
----------------------------------------

[Wed Nov 12 03:43:30 2025] Remote Fired: 


  ARG [1]: q0cuXE (string)
  ARG [2]: W4VlPi (string)
  ARG [3]: 0.05 (number)
  ARG [4]: -233.799774, 57.1975784, 13.3928261, 0.975013137, 0.133807346, -0.177327275, 0, 0.798242271, 0.602336466, 0.222147182, -0.587285995, 0.778296709 (CFrame)
    Value: -233.799774, 57.1975784, 13.3928261, 0.975013137, 0.133807346, -0.177327275, 0, 0.798242271, 0.602336466, 0.222147182, -0.587285995, 0.778296709
  ARG [5]: table: 0xb76bf5ff47fed5db (table)
    Table Field: BOT f95efa7d-dfab-4d56-9536-52a7aceda93d = 2123.649169921875, 293.99237060546875, 170.73292541503906 [Vector3]
    Table Field: BOT 1beaa805-9f6c-49f5-a55d-c4363f64cfc1 = 1015.3609619140625, 231.42337036132812, 82.92076110839844 [Vector3]
    Table Field: isyoboyazrael = 960.0006103515625, 468.54638671875, 48.183494567871094 [Vector3]
    (table size: 3)
  ARG [6]: table: 0x908e880a1d7941bb (table)
    Table Field: 1 = 1671 [number]
    Table Field: 2 = 512 [number]
    (table size: 2)
  ARG [7]: false (boolean)
----------------------------------------

[Wed Nov 12 03:43:30 2025] Remote Fired: SetPointer
  ARG [1]: -233.687714, 57.1305847, 13.3417196, 0.414953858, 0.434748441, -0.799254119, -0, 0.878453374, 0.477828234, 0.909842491, -0.198276669, 0.364517599 (CFrame)
    Value: -233.687714, 57.1305847, 13.3417196, 0.414953858, 0.434748441, -0.799254119, -0, 0.878453374, 0.477828234, 0.909842491, -0.198276669, 0.364517599
----------------------------------------

[Wed Nov 12 03:43:30 2025] Remote Fired: SetLook
  ARG [1]: -233.799774, 57.1975784, 13.3928261, 0.975013137, 0.133807346, -0.177327275, 0, 0.798242271, 0.602336466, 0.222147182, -0.587285995, 0.778296709 (CFrame)
    Value: -233.799774, 57.1975784, 13.3928261, 0.975013137, 0.133807346, -0.177327275, 0, 0.798242271, 0.602336466, 0.222147182, -0.587285995, 0.778296709
----------------------------------------

[Wed Nov 12 03:43:30 2025] Remote Fired: SetPointer
  ARG [1]: -233.687714, 57.1305847, 13.3417196, 0.414953858, 0.434748441, -0.799254119, -0, 0.878453374, 0.477828234, 0.909842491, -0.198276669, 0.364517599 (CFrame)
    Value: -233.687714, 57.1305847, 13.3417196, 0.414953858, 0.434748441, -0.799254119, -0, 0.878453374, 0.477828234, 0.909842491, -0.198276669, 0.364517599
----------------------------------------

[Wed Nov 12 03:43:30 2025] Remote Fired: SetLook
  ARG [1]: -233.799774, 57.1975784, 13.3928261, 0.975013137, 0.133807346, -0.177327275, 0, 0.798242271, 0.602336466, 0.222147182, -0.587285995, 0.778296709 (CFrame)
    Value: -233.799774, 57.1975784, 13.3928261, 0.975013137, 0.133807346, -0.177327275, 0, 0.798242271, 0.602336466, 0.222147182, -0.587285995, 0.778296709
----------------------------------------

[Wed Nov 12 03:43:31 2025] Remote Fired: Ping
  ARG [1]: 1793 (number)
  ARG [2]: 1762937011.673652 (number)
----------------------------------------

[Wed Nov 12 03:43:31 2025] Remote Fired: SetPointer
  ARG [1]: -233.687714, 57.1305847, 13.3417196, 0.414953858, 0.434748441, -0.799254119, -0, 0.878453374, 0.477828234, 0.909842491, -0.198276669, 0.364517599 (CFrame)
    Value: -233.687714, 57.1305847, 13.3417196, 0.414953858, 0.434748441, -0.799254119, -0, 0.878453374, 0.477828234, 0.909842491, -0.198276669, 0.364517599
----------------------------------------

[Wed Nov 12 03:43:31 2025] Remote Fired: SetLook
  ARG [1]: -233.799774, 57.1975784, 13.3928261, 0.975013137, 0.133807346, -0.177327275, 0, 0.798242271, 0.602336466, 0.222147182, -0.587285995, 0.778296709 (CFrame)
    Value: -233.799774, 57.1975784, 13.3928261, 0.975013137, 0.133807346, -0.177327275, 0, 0.798242271, 0.602336466, 0.222147182, -0.587285995, 0.778296709
----------------------------------------

[Wed Nov 12 03:43:31 2025] Remote Fired: 






  ARG [1]: q0cuXE (string)
  ARG [2]: W4VlPi (string)
  ARG [3]: 0.05 (number)
  ARG [4]: -233.799774, 57.1975784, 13.3928261, 0.975013137, 0.133807346, -0.177327275, 0, 0.798242271, 0.602336466, 0.222147182, -0.587285995, 0.778296709 (CFrame)
    Value: -233.799774, 57.1975784, 13.3928261, 0.975013137, 0.133807346, -0.177327275, 0, 0.798242271, 0.602336466, 0.222147182, -0.587285995, 0.778296709
  ARG [5]: table: 0xe781ff126a7a63ab (table)
    Table Field: BOT f95efa7d-dfab-4d56-9536-52a7aceda93d = 2123.61572265625, 294.04315185546875, 170.7425537109375 [Vector3]
    Table Field: BOT 1beaa805-9f6c-49f5-a55d-c4363f64cfc1 = 1015.3609619140625, 231.42337036132812, 82.92076110839844 [Vector3]
    Table Field: isyoboyazrael = 960.0006103515625, 468.54638671875, 48.183494567871094 [Vector3]
    (table size: 3)
  ARG [6]: table: 0x933095c482f2677b (table)
    Table Field: 1 = 1671 [number]
    Table Field: 2 = 512 [number]
    (table size: 2)
  ARG [7]: false (boolean)
----------------------------------------

[Wed Nov 12 03:43:31 2025] Remote Fired: SetPointer
  ARG [1]: -233.687714, 57.1305847, 13.3417196, 0.414953858, 0.434748441, -0.799254119, -0, 0.878453374, 0.477828234, 0.909842491, -0.198276669, 0.364517599 (CFrame)
    Value: -233.687714, 57.1305847, 13.3417196, 0.414953858, 0.434748441, -0.799254119, -0, 0.878453374, 0.477828234, 0.909842491, -0.198276669, 0.364517599
----------------------------------------

[Wed Nov 12 03:43:31 2025] Remote Fired: SetLook
  ARG [1]: -233.799774, 57.1975784, 13.3928261, 0.975013137, 0.133807346, -0.177327275, 0, 0.798242271, 0.602336466, 0.222147182, -0.587285995, 0.778296709 (CFrame)
    Value: -233.799774, 57.1975784, 13.3928261, 0.975013137, 0.133807346, -0.177327275, 0, 0.798242271, 0.602336466, 0.222147182, -0.587285995, 0.778296709
----------------------------------------

[Wed Nov 12 03:43:31 2025] Remote Fired: SetPointer
  ARG [1]: -233.687714, 57.1305847, 13.3417196, 0.414953858, 0.434748441, -0.799254119, -0, 0.878453374, 0.477828234, 0.909842491, -0.198276669, 0.364517599 (CFrame)
    Value: -233.687714, 57.1305847, 13.3417196, 0.414953858, 0.434748441, -0.799254119, -0, 0.878453374, 0.477828234, 0.909842491, -0.198276669, 0.364517599
----------------------------------------

[Wed Nov 12 03:43:31 2025] Remote Fired: SetLook
  ARG [1]: -233.799774, 57.1975784, 13.3928261, 0.975013137, 0.133807346, -0.177327275, 0, 0.798242271, 0.602336466, 0.222147182, -0.587285995, 0.778296709 (CFrame)
    Value: -233.799774, 57.1975784, 13.3928261, 0.975013137, 0.133807346, -0.177327275, 0, 0.798242271, 0.602336466, 0.222147182, -0.587285995, 0.778296709
----------------------------------------

[Wed Nov 12 03:43:31 2025] Remote Fired: SetPointer
  ARG [1]: -233.687714, 57.1305847, 13.3417196, 0.414953858, 0.434748441, -0.799254119, -0, 0.878453374, 0.477828234, 0.909842491, -0.198276669, 0.364517599 (CFrame)
    Value: -233.687714, 57.1305847, 13.3417196, 0.414953858, 0.434748441, -0.799254119, -0, 0.878453374, 0.477828234, 0.909842491, -0.198276669, 0.364517599
----------------------------------------

[Wed Nov 12 03:43:31 2025] Remote Fired: SetLook
  ARG [1]: -233.799774, 57.1975784, 13.3928261, 0.975013137, 0.133807346, -0.177327275, 0, 0.798242271, 0.602336466, 0.222147182, -0.587285995, 0.778296709 (CFrame)
    Value: -233.799774, 57.1975784, 13.3928261, 0.975013137, 0.133807346, -0.177327275, 0, 0.798242271, 0.602336466, 0.222147182, -0.587285995, 0.778296709
----------------------------------------

[Wed Nov 12 03:43:31 2025] Remote Fired: 







  ARG [1]: q0cuXE (string)
  ARG [2]: W4VlPi (string)
  ARG [3]: 0.05 (number)
  ARG [4]: -233.799774, 57.1975784, 13.3928261, 0.975013137, 0.133807346, -0.177327275, 0, 0.798242271, 0.602336466, 0.222147182, -0.587285995, 0.778296709 (CFrame)
    Value: -233.799774, 57.1975784, 13.3928261, 0.975013137, 0.133807346, -0.177327275, 0, 0.798242271, 0.602336466, 0.222147182, -0.587285995, 0.778296709
  ARG [5]: table: 0x5ed0985e8118ff0b (table)
    Table Field: BOT f95efa7d-dfab-4d56-9536-52a7aceda93d = 2123.70361328125, 293.9532775878906, 170.73182678222656 [Vector3]
    Table Field: BOT 1beaa805-9f6c-49f5-a55d-c4363f64cfc1 = 1015.3609619140625, 231.42337036132812, 82.92076110839844 [Vector3]
    Table Field: isyoboyazrael = 960.0006103515625, 468.54638671875, 48.183494567871094 [Vector3]
    (table size: 3)
  ARG [6]: table: 0x62008db49be94c5b (table)
    Table Field: 1 = 1671 [number]
    Table Field: 2 = 512 [number]
    (table size: 2)
  ARG [7]: false (boolean)
----------------------------------------

[Wed Nov 12 03:43:31 2025] Remote Fired: SetPointer
  ARG [1]: -233.687714, 57.1305847, 13.3417196, 0.414953858, 0.434748441, -0.799254119, -0, 0.878453374, 0.477828234, 0.909842491, -0.198276669, 0.364517599 (CFrame)
    Value: -233.687714, 57.1305847, 13.3417196, 0.414953858, 0.434748441, -0.799254119, -0, 0.878453374, 0.477828234, 0.909842491, -0.198276669, 0.364517599
----------------------------------------

[Wed Nov 12 03:43:31 2025] Remote Fired: SetLook
  ARG [1]: -233.799774, 57.1975784, 13.3928261, 0.975013137, 0.133807346, -0.177327275, 0, 0.798242271, 0.602336466, 0.222147182, -0.587285995, 0.778296709 (CFrame)
    Value: -233.799774, 57.1975784, 13.3928261, 0.975013137, 0.133807346, -0.177327275, 0, 0.798242271, 0.602336466, 0.222147182, -0.587285995, 0.778296709
----------------------------------------

[Wed Nov 12 03:43:32 2025] Remote Fired: Ping
